
         9	
         7	
         1	
         5	
         4	
         2	
         8	
        10	
         3	
         6	
         0		[∅]
-----------------------------------
         A	         B
pb

         7	
         1	
         5	
         4	
         2	
         8	
        10	
         3	
         6	
         0	         9
-----------------------------------
         A	         B
pb

         1	
         5	
         4	
         2	
         8	
        10	
         3	
         6	         7
         0	         9
-----------------------------------
         A	         B
pb

         5	
         4	
         2	
         8	
        10	
         3	         1
         6	         7
         0	         9
-----------------------------------
         A	         B
pb

         4	
         2	
         8	
        10	         5
         3	         1
         6	         7
         0	         9
-----------------------------------
         A	         B
pb

         2	
         8	         4
        10	         5
         3	         1
         6	         7
         0	         9
-----------------------------------
         A	         B
pb

          	         2
         8	         4
        10	         5
         3	         1
         6	         7
         0	         9
-----------------------------------
         A	         B
pb

          	         8
          	         2
          	         4
        10	         5
         3	         1
         6	         7
         0	         9
-----------------------------------
         A	         B
pb

          	        10
          	         8
          	         2
          	         4
          	         5
         3	         1
         6	         7
         0	         9
-----------------------------------
         A	         B
pb

          	         3
          	        10
          	         8
          	         2
          	         4
          	         5
          	         1
         6	         7
         0	         9
-----------------------------------
         A	         B
sa

          	         3
          	        10
          	         8
          	         2
          	         4
          	         5
          	         1
         0	         7
         6	         9
-----------------------------------
         A	         B
ra

          	         3
          	        10
          	         8
          	         2
          	         4
          	         5
          	         1
         6	         7
         0	         9
-----------------------------------
         A	         B
pa

          	        10
          	         8
          	         2
          	         4
          	         5
         3	         1
         6	         7
         0	         9
-----------------------------------
         A	         B
rra

          	        10
          	         8
          	         2
          	         4
          	         5
         0	         1
         3	         7
         6	         9
-----------------------------------
         A	         B
ra

          	        10
          	         8
          	         2
          	         4
          	         5
         3	         1
         6	         7
         0	         9
-----------------------------------
         A	         B
ra

          	        10
          	         8
          	         2
          	         4
          	         5
         6	         1
         0	         7
         3	         9
-----------------------------------
         A	         B
ra

          	        10
          	         8
          	         2
          	         4
          	         5
         0	         1
         3	         7
         6	         9
-----------------------------------
         A	         B
pa

          	         8
          	         2
          	         4
        10	         5
         0	         1
         3	         7
         6	         9
-----------------------------------
         A	         B
rra

          	         8
          	         2
          	         4
         6	         5
        10	         1
         0	         7
         3	         9
-----------------------------------
         A	         B
rra

          	         8
          	         2
          	         4
         3	         5
         6	         1
        10	         7
         0	         9
-----------------------------------
         A	         B
rra

          	         8
          	         2
          	         4
         0	         5
         3	         1
         6	         7
        10	         9
-----------------------------------
         A	         B
ra

          	         8
          	         2
          	         4
         3	         5
         6	         1
        10	         7
         0	         9
-----------------------------------
         A	         B
ra

          	         8
          	         2
          	         4
         6	         5
        10	         1
         0	         7
         3	         9
-----------------------------------
         A	         B
ra

          	         8
          	         2
          	         4
        10	         5
         0	         1
         3	         7
         6	         9
-----------------------------------
         A	         B
pa

          	         2
         8	         4
        10	         5
         0	         1
         3	         7
         6	         9
-----------------------------------
         A	         B
rra

          	         2
         6	         4
         8	         5
        10	         1
         0	         7
         3	         9
-----------------------------------
         A	         B
rra

          	         2
         3	         4
         6	         5
         8	         1
        10	         7
         0	         9
-----------------------------------
         A	         B
rra

          	         2
         0	         4
         3	         5
         6	         1
         8	         7
        10	         9
-----------------------------------
         A	         B
ra

          	         2
         3	         4
         6	         5
         8	         1
        10	         7
         0	         9
-----------------------------------
         A	         B
pa

         2	
         3	         4
         6	         5
         8	         1
        10	         7
         0	         9
-----------------------------------
         A	         B
rra

         0	
         2	         4
         3	         5
         6	         1
         8	         7
        10	         9
-----------------------------------
         A	         B
ra

         2	
         3	         4
         6	         5
         8	         1
        10	         7
         0	         9
-----------------------------------
         A	         B
ra

         3	
         6	         4
         8	         5
        10	         1
         0	         7
         2	         9
-----------------------------------
         A	         B
ra

         6	
         8	         4
        10	         5
         0	         1
         2	         7
         3	         9
-----------------------------------
         A	         B
pa

         4	
         6	
         8	
        10	         5
         0	         1
         2	         7
         3	         9
-----------------------------------
         A	         B
rra

         3	
         4	
         6	
         8	         5
        10	         1
         0	         7
         2	         9
-----------------------------------
         A	         B
rra

         2	
         3	
         4	
         6	         5
         8	         1
        10	         7
         0	         9
-----------------------------------
         A	         B
rra

         0	
         2	
         3	
         4	         5
         6	         1
         8	         7
        10	         9
-----------------------------------
         A	         B
ra

         2	
         3	
         4	
         6	         5
         8	         1
        10	         7
         0	         9
-----------------------------------
         A	         B
ra

         3	
         4	
         6	
         8	         5
        10	         1
         0	         7
         2	         9
-----------------------------------
         A	         B
ra

         4	
         6	
         8	
        10	         5
         0	         1
         2	         7
         3	         9
-----------------------------------
         A	         B
ra

         6	
         8	
        10	
         0	         5
         2	         1
         3	         7
         4	         9
-----------------------------------
         A	         B
pa

         5	
         6	
         8	
        10	
         0	
         2	         1
         3	         7
         4	         9
-----------------------------------
         A	         B
rra

         4	
         5	
         6	
         8	
        10	
         0	         1
         2	         7
         3	         9
-----------------------------------
         A	         B
rra

         3	
         4	
         5	
         6	
         8	
        10	         1
         0	         7
         2	         9
-----------------------------------
         A	         B
rra

         2	
         3	
         4	
         5	
         6	
         8	         1
        10	         7
         0	         9
-----------------------------------
         A	         B
rra

         0	
         2	
         3	
         4	
         5	
         6	         1
         8	         7
        10	         9
-----------------------------------
         A	         B
ra

         2	
         3	
         4	
         5	
         6	
         8	         1
        10	         7
         0	         9
-----------------------------------
         A	         B
pa

         1	
         2	
         3	
         4	
         5	
         6	
         8	
        10	         7
         0	         9
-----------------------------------
         A	         B
rra

         0	
         1	
         2	
         3	
         4	
         5	
         6	
         8	         7
        10	         9
-----------------------------------
         A	         B
ra

         1	
         2	
         3	
         4	
         5	
         6	
         8	
        10	         7
         0	         9
-----------------------------------
         A	         B
ra

         2	
         3	
         4	
         5	
         6	
         8	
        10	
         0	         7
         1	         9
-----------------------------------
         A	         B
ra

         3	
         4	
         5	
         6	
         8	
        10	
         0	
         1	         7
         2	         9
-----------------------------------
         A	         B
ra

         4	
         5	
         6	
         8	
        10	
         0	
         1	
         2	         7
         3	         9
-----------------------------------
         A	         B
ra

         5	
         6	
         8	
        10	
         0	
         1	
         2	
         3	         7
         4	         9
-----------------------------------
         A	         B
ra

         6	
         8	
        10	
         0	
         1	
         2	
         3	
         4	         7
         5	         9
-----------------------------------
         A	         B
ra

         8	
        10	
         0	
         1	
         2	
         3	
         4	
         5	         7
         6	         9
-----------------------------------
         A	         B
pa

         7	
         8	
        10	
         0	
         1	
         2	
         3	
         4	
         5	
         6	         9
-----------------------------------
         A	         B
rra

         6	
         7	
         8	
        10	
         0	
         1	
         2	
         3	
         4	
         5	         9
-----------------------------------
         A	         B
rra

         5	
         6	
         7	
         8	
        10	
         0	
         1	
         2	
         3	
         4	         9
-----------------------------------
         A	         B
rra

         4	
         5	
         6	
         7	
         8	
        10	
         0	
         1	
         2	
         3	         9
-----------------------------------
         A	         B
rra

         3	
         4	
         5	
         6	
         7	
         8	
        10	
         0	
         1	
         2	         9
-----------------------------------
         A	         B
rra

         2	
         3	
         4	
         5	
         6	
         7	
         8	
        10	
         0	
         1	         9
-----------------------------------
         A	         B
rra

         1	
         2	
         3	
         4	
         5	
         6	
         7	
         8	
        10	
         0	         9
-----------------------------------
         A	         B
rra

         0	
         1	
         2	
         3	
         4	
         5	
         6	
         7	
         8	
        10	         9
-----------------------------------
         A	         B
ra

         1	
         2	
         3	
         4	
         5	
         6	
         7	
         8	
        10	
         0	         9
-----------------------------------
         A	         B
ra

         2	
         3	
         4	
         5	
         6	
         7	
         8	
        10	
         0	
         1	         9
-----------------------------------
         A	         B
ra

         3	
         4	
         5	
         6	
         7	
         8	
        10	
         0	
         1	
         2	         9
-----------------------------------
         A	         B
ra

         4	
         5	
         6	
         7	
         8	
        10	
         0	
         1	
         2	
         3	         9
-----------------------------------
         A	         B
ra

         5	
         6	
         7	
         8	
        10	
         0	
         1	
         2	
         3	
         4	         9
-----------------------------------
         A	         B
ra

         6	
         7	
         8	
        10	
         0	
         1	
         2	
         3	
         4	
         5	         9
-----------------------------------
         A	         B
ra

         7	
         8	
        10	
         0	
         1	
         2	
         3	
         4	
         5	
         6	         9
-----------------------------------
         A	         B
ra

         8	
        10	
         0	
         1	
         2	
         3	
         4	
         5	
         6	
         7	         9
-----------------------------------
         A	         B
ra

        10	
         0	
         1	
         2	
         3	
         4	
         5	
         6	
         7	
         8	         9
-----------------------------------
         A	         B
pa

         9	
        10	
         0	
         1	
         2	
         3	
         4	
         5	
         6	
         7	
         8		[∅]
-----------------------------------
         A	         B
rra

         8	
         9	
        10	
         0	
         1	
         2	
         3	
         4	
         5	
         6	
         7		[∅]
-----------------------------------
         A	         B
rra

         7	
         8	
         9	
        10	
         0	
         1	
         2	
         3	
         4	
         5	
         6		[∅]
-----------------------------------
         A	         B
rra

         6	
         7	
         8	
         9	
        10	
         0	
         1	
         2	
         3	
         4	
         5		[∅]
-----------------------------------
         A	         B
rra

         5	
         6	
         7	
         8	
         9	
        10	
         0	
         1	
         2	
         3	
         4		[∅]
-----------------------------------
         A	         B
rra

         4	
         5	
         6	
         7	
         8	
         9	
        10	
         0	
         1	
         2	
         3		[∅]
-----------------------------------
         A	         B
rra

         3	
         4	
         5	
         6	
         7	
         8	
         9	
        10	
         0	
         1	
         2		[∅]
-----------------------------------
         A	         B
rra

         2	
         3	
         4	
         5	
         6	
         7	
         8	
         9	
        10	
         0	
         1		[∅]
-----------------------------------
         A	         B
rra

         1	
         2	
         3	
         4	
         5	
         6	
         7	
         8	
         9	
        10	
         0		[∅]
-----------------------------------
         A	         B
rra

         0	
         1	
         2	
         3	
         4	
         5	
         6	
         7	
         8	
         9	
        10		[∅]
-----------------------------------
         A	         B
